1987279778237583
1083849031782881
1075109605990157
1076111615889956
1075042955996822
1671060892998400
1072980696203048
229289311275257
1068509203316864
271350703720218
1063200437181074
491139878018141
555333664884515
280194619467199
1059330314234753
317770428772238
1056742344493550
864640573732238
530843674035602
1054572931377158
1163157043822213
1053188288182289
1048726948628423
1047735158727602
440516979778114
1045157368985381
1043956742438777
1036971773137274
1031596620341456
1031443803690071
1029078980593220
1024961191004999
1022380724596379
1020595374774914
1020499388117846
1015073111993807
1016983981802720
1015037068664078
1013052892195829
1009994435835008
1009988042502314
1008777292623389
1001846576649794
1000609070106878
999469920220793
994348937399558
992333094267809
989347751233010
986833528151099
985132828321169
983011248533327
978674755633643
976390935862025
975722945928824
975131039321348
974597496041369
974583829376069
971290436372075
970693826431736
964921463675639
964769850357467
964161960418256
963697350464717
963145447186574
961560360678416
960984877402631
960475474120238
959854257515693
958304014337384
956570384510747
957087714459014
956561751178277
955945177906601
955383731296079
954833808017738
954325788068540
953815991452853
953270154840770
952893378211781
952730264894759
948493908651728
951478631686589
950990125068773
950509515116834
949961725171613
949406525227133
948897585278027
948387585329027
948370101997442
947845695383216
947298562104596
946814908819628
946253032209149
945691382265314
945124295655356
945117872322665
944587962375656
944003365767449
943486975819088
942988959202223
942450275922758
941948532639599
941448469356272
940925026075283
940396316128154
939884279512691
938809349620184
937663913068061
937163009784818
936594639841655
936020779899041
935480343286418
934911923343260
934357036732082
933850553449397
932629926904793
932082816959504
931561123678340
929777927189993
929230127244773
928641297303656
927407060760413
926943664140086
926232457544540
925580940943025
925045790996540
923859774448475
923350231166096
922831424551310
922187084615744
921630871338032
921101678057618
920540718113714
918378978329888
919426844891768
918836588284127
918323725002080
917682385066214
916746571826462
916567855177667
914897042011415
914323318735454
913838212117298
912771085557344
911974705636982
911438379023948
911074345727018
910861135748339
910287942472325
909747019193084
909186329249153
908785582622561
908128379354948
907492856085167
907203262780793
907013576133095
906483219519464
905880689579717
905384679629318
904804469687339
903577699810016
903057823195337
902466869921099
901959436638509
901438083357311
901393766695076
900838533417266
900337466800706
900189383482181
899707436863709
899110906923362
898546723646447
898036360364150
897406487093804
896002013900918
895426557291797
157399424982876
894808384020281
894274940740292
893758837458569
893201290847657
892780020889784
892650174236102
892207347613718
891328634368256
890685694432550
890192494481870
889711101196676
889262807908172
888717084629411
888124381355348
887650998069353
887177088116744
886714888162964
886354894865630
884773621690424
884320018402451
883942401773546
883776475123472
883295861838200
882755335225586
882464571921329
882306335270486
881998488634604
881894351978351
881362355364884
880815228752930
880243835476736
879769955524124
879228938911559
878695838964869
878226855678434
877727065728413
877223815778738
877141582453628
876628755838244
876068612560925
875596732608113
875090605992059
874796052688181
874203212747465
874041026097017
873774139457039
873576236143496
872605779573875
872233719611081
872064399628013
871587443009042
871228593044927
870860276415092
870713789763074
870131256487994
869709803196806
869103196590800
868595016641618
868084916692628
867579806743139
867568373410949
867075740126879
866477240186729
866058286895291
865605926940527
865496306951489
865111720323281
864635847037535
864572420377211
864346507066469
864121023755684
863619963805790
863127480521705
863092153858571
862845997216520
862658213901965
862279753939811
862246517276468
861844327316687
861794440655009
861360234031763
860929470741506
860441370790316
860195617481558
859970304170756
859683370866116
859529280881525
859069964260790
858627264305060
858202024347584
857735727727547
857175877783532
857174347783685
856757761158677
856368674530919
855858347915285
855824277918692
855487847952335
855383034629483
854908668010253
854133941421059
853113941523059
853033591531094
852592744908512
852083581626095
851730284994758
851464678354652
850791845088602
849832345184552
849820328519087
849435621890891
849431071891346
849429325224854
849379108563209
848932241941229
848619318639188
848561745311612
848293845338402
848212698679850
847746912059762
847619685405818
847140445453742
846905388810581
846743202160133
845865888914531
845381545629632
845109065656880
844956159005504
844530592381394
844167712417682
843660409135079
843611152473338
843419712492482
843281202506333
843273909173729
842543912580062
842483512586102
842395882594865
842230822611371
842082462626207
841590332675420
841521539348966
841055266062260
840873882747065
840721016095685
840693402765113
840668366100950
840602372774216
840207129480407
839861216181665
839075319593588
838962132938240
838715239629596
838580009643119
838509482983505
838212243013229
838075549693565
838034153031038
837792983055155
837774169723703
837245949776525
837198016447985
836419209859199
836353229865797
836276319873488
835497296618057
834983376669449
834925483341905
834724516695335
834710880030032
834592286708558
834302366737550
834002183434235
833748786792908
833331283501325
833246406843146
833162236851563
832845143549939
832685470232573
832427590258361
832391486928638
832253633609090
832251900275930
832152593619194
831739000327220
831411217026665
831250743709379
830794207088366
830759943758459
830435490457571
830356797132107
830196053814848
829892810511839
829697563864697
829406940560426
829403700560750
828945093939944
828846767283110
828806753953778
828449587322828
828445333989920
828362330664887
828294780671642
826702840830836
826580237509763
825952704239183
825775367590250
825383687629418
825049077662879
824962581004862
824939924340461
824819834352470
824464011054719
824174211083699
823949017772885
823152664519187
822559704578483
822518604582593
821541821346938
820872001413920
820642148103572
820358901465230
820201701480950
819933648174422
819157911585329
818945628273224
818567578311029
818331128334674
818287358339051
817951968372590
817803075054146
817348408432946
816892241811896
816663295168124
816447848523002
816020315232422
815358928631894
815182555316198
814691055365348
814372175397236
813731925461261
813299192171201
812537492247371
811416219026165
810294135805040
809839042517216
809708665863587
809290895905364
808854572615663
808229689344818
806985012802619
806141349553652
803962559771531
803485096485944
803270736507380
802812616553192
802717793229341
801629730004814
800570583444062
799910070176780
798045393696581
797776060390181
797235373777583
796447677189686
796209980546789
794994800668307
794598577374596
794398907394563
794117120756075
793374620830325
793319604169160
793083077526146
793034784197642
792397297594724
791346094366511
791258871041900
790784804422640
790287647805689
789989014502219
789608677873586
789422754558845
789306991237088
789026371265150
788947057939748
788801801287607
788381887996265
787929148041539
787495654751555
787382408096213
787265168107937
787250701442717
787051451462642
786973894803731
786963968138057
786517318182722
786511554849965
786019114899209
785846171583170
784767915024329
784300545071066
784194178415036
784061661761621
784048175096303
783728258461628
783703331797454
782342768600177
782075205293600
780998705401250
780996885401432
780893752078412
780818118752642
780399552127832
780044218830032
780031465497974
780031168831337
779557545545366
779368698897584
778995388934915
778284819005972
778189962348791
777955769038877
777926942375093
777616439072810
777027542465033
776935279140926
776601589174295
776438965857224
776098435891277
775877745913346
774821066019014
773930382774749
773785216122599
772933589541095
772917926209328
772912799543174
772028916298229
771936029640851
771935572974230
771360069698447
770937436407377
770809203086867
769282163239571
768672426633878
767356256765495
766316133536174
766305570203897
765944606906660
765445160289938
765443013623486
765260846975036
764504063717381
764068997094221
763443603823427
762991527201968
762369877264133
761428967358224
760558597445261
759065564261231
758340354333752
758254597675661
757686884399099
757152584452529
757007707800350
756422844525503
755888667912254
755732374594550
754832851351169
754648638036257
754562361378218
754114168089704
753938831440571
753851148116006
753464874821300
752900361544418
752708271563627
752648174902970
752032368297884
751293588371762
751272128373908
750564788444642
750236335144154
749890368512084
748975301936924
748460501988404
748403358660785
748283302006124
747618525405935
747387128762408
747166195451168
746723582162096
746666365501151
746543428846778
746166882217766
746068318894289
745950025572785
745518888949232
745436965624091
745339125633875
745081748992946
745011328999988
744599339041187
744470949054026
744113322423122
744026349098486
743689322465522
743599875807800
743474275820360
743464949154626
743437825824005
743195919181529
743056715862116
743016162532838
742625092571945
742532545914533
742422649258856
742113195956468
742111799289941
741952225972565
741910305976757
741596186008169
741521599348961
741388799362241
741063976061390
740949699406151
740822622752192
740574222777032
740466516121136
740391032795351
740013856166402
739905026177285
739379622896492
738856506282137
738419932992461
738134919687629
738070079694113
737903656377422
737606059740515
737550926412695
737430983091356
737192719781849
737159833118471
737064339794687
736636889837432
736502999850821
735671309933990
735223233312131
735147563319698
734818316685956
734786983355756
734700016697786
734616973372757
734253030075818
734064863427968
733942096773578
733639283470526
733545616813226
733288886838899
732701553564299
732670130234108
732577963576658
732296353604819
732208310280290
731661897001598
731135760387545
730807517087036
730752247092563
730627623771692
730577117110076
730357103798744
730298503804604
730207497147038
729934467174341
729879373846517
729738377193950
729549947212793
729361620564959
729087333925721
729047637263024
729010040600117
728421443992310
728416070659514
728340474000407
728340267333761
728133927354395
727882120712909
727460257421762
727158797451908
727119710789150
726881490812972
726116060889515
725964107571377
725945294239925
725685414265913
725499140951207
725438204290634
725133584321096
724868857680902
724612841039837
724433577724430
724327401068381
723915891109532
723661197801668
723173454517109
723001814534273
722708507896937
722538954580559
722477451253376
721880521313069
721582818009506
721469344687520
721018708065917
720889514745503
720828068084981
720738408093947
719916214842833
719890424845412
719854041515717
719682824866172
719416768226111
719273198240468
718775648290223
718741204960334
718418031659318
718361771664944
718264828341305
718117595022695
717879551713166
717819408385847
717795205054934
717662078401580
717342491766872
717309208436867
717170005117454
717119671789154
716765801824541
716701271830994
716651035169351
716601238507664
716554428512345
716330128534775
716282995206155
716143195220135
716036241897497
715757128592075
715707325263722
715590991942022
715518041949317
715256331975488
715198328647955
715134781987643
715024625331992
714762502024871
714171055417349
713666635467791
713607498807038
713254888842299
713207648847023
712737262227395
712470852254036
712087522292369
712019875632467
711945045639950
711564982344623
711000332401088
710346349133153
709631869204601
709460839221704
709405929227195
708786595955795
708544909313297
708523015982153
708522069315581
708363879331400
707402322760889
707261266108328
706861796148275
705927499575038
705805156253939
705778476256607
705208062980315
705055189662269
705000469667741
704876949680093
704379479729840
703888896445565
703818879785900
703588229808965
703551609812627
703157723185349
703080986526356
702807996553655
702791909888597
702757423225379
702391053262016
702371826597272
702325933268528
702233756611079
702176956616759
702158019951986
701951736639281
701915483309573
701880169979771
701800319987756
701798776654577
701745943326527
701509283350193
701298436704611
701220556712399
700988470068941
700979136736541
700878200079968
700855670082221
700412000126588
700405990127189
700396963461425
700012706833184
699936926840762
699585800209208
699411646893290
699411516893303
699410730226715
699349990232789
699006773600444
698827873618334
697758933725228
697690240398764
697688270398961
697602093740912
697125293788592
696786117155843
696742387160216
696457093855412
695787263922395
694443307390124
693805667453888
693424170825371
693410210826767
693206794180442
693150244186097
692947270873061
692733167561138
692654830902305
691064074394714
691041651063623
689295507904904
689124321255356
688763981291390
688262344674887
688099461357842
688029871364801
687590131408775
685440764957045
685380851629703
685366724964449
685089348325520
685142914986830
685091198325335
683712941796494
682946198539835
682613155239806
681423855358736
681546212013167
681444725356649
680820728752382
680027642165024
676720672495721
